>GTGACTCA	1-GTGACTCA	7.541844	-30.681435	0	T:209.0(11.66%),B:1791.7(6.64%),P:1e-13	Tpos:257.9,Tstd:131.7,Bpos:259.2,Bstd:158.8,StrandBias:0.4,Multiplicity:1.07
0.001	0.059	0.939	0.001
0.001	0.037	0.001	0.961
0.001	0.001	0.951	0.047
0.915	0.056	0.028	0.001
0.001	0.913	0.085	0.001
0.049	0.001	0.253	0.697
0.045	0.915	0.039	0.001
0.895	0.001	0.001	0.103
>CCTTATAA	2-CCTTATAA	5.683630	-26.503387	0	T:523.0(29.19%),B:5924.8(21.96%),P:1e-11	Tpos:222.7,Tstd:134.8,Bpos:208.2,Bstd:149.4,StrandBias:0.3,Multiplicity:1.23
0.134	0.655	0.001	0.210
0.001	0.618	0.001	0.380
0.277	0.225	0.001	0.498
0.251	0.001	0.001	0.747
0.584	0.001	0.199	0.216
0.212	0.203	0.001	0.584
0.980	0.018	0.001	0.001
0.561	0.001	0.241	0.197
>CGCCTAGT	3-CGCCTAGT	6.587483	-25.285741	0	T:344.0(19.20%),B:3587.1(13.30%),P:1e-10	Tpos:260.0,Tstd:134.6,Bpos:261.5,Bstd:170.6,StrandBias:0.0,Multiplicity:1.12
0.137	0.804	0.001	0.058
0.001	0.029	0.910	0.060
0.085	0.913	0.001	0.001
0.001	0.976	0.001	0.022
0.001	0.086	0.001	0.912
0.797	0.154	0.001	0.048
0.001	0.120	0.815	0.064
0.001	0.098	0.001	0.900
>CTACGTGC	4-CTACGTGC	6.767391	-24.052753	0	T:238.0(13.28%),B:2287.6(8.48%),P:1e-10	Tpos:283.0,Tstd:137.9,Bpos:262.5,Bstd:189.5,StrandBias:0.1,Multiplicity:1.14
0.029	0.561	0.298	0.112
0.009	0.001	0.245	0.745
0.777	0.005	0.212	0.006
0.001	0.818	0.093	0.088
0.123	0.001	0.871	0.005
0.087	0.001	0.001	0.911
0.208	0.001	0.563	0.228
0.137	0.771	0.001	0.091
>GACTGCGT	5-GACTGCGT	5.075906	-22.033913	0	T:821.0(45.81%),B:10345.9(38.35%),P:1e-9	Tpos:260.6,Tstd:139.2,Bpos:257.6,Bstd:178.8,StrandBias:0.0,Multiplicity:1.35
0.077	0.085	0.784	0.054
0.682	0.071	0.113	0.134
0.073	0.753	0.070	0.104
0.102	0.065	0.061	0.772
0.125	0.099	0.664	0.112
0.102	0.716	0.111	0.071
0.042	0.079	0.845	0.034
0.034	0.061	0.116	0.789
>TCGTCAGC	6-TCGTCAGC	6.994128	-21.548277	0	T:355.0(19.81%),B:3854.9(14.29%),P:1e-9	Tpos:291.1,Tstd:143.6,Bpos:277.0,Bstd:183.2,StrandBias:0.1,Multiplicity:1.18
0.181	0.001	0.117	0.701
0.001	0.997	0.001	0.001
0.001	0.110	0.888	0.001
0.001	0.133	0.094	0.772
0.001	0.921	0.077	0.001
0.861	0.031	0.001	0.107
0.045	0.049	0.905	0.001
0.001	0.973	0.001	0.025
>NCTTCCAN	7-NCTTCCAN	5.188200	-14.915466	0	T:123.0(6.86%),B:1129.5(4.19%),P:1e-6	Tpos:242.0,Tstd:147.4,Bpos:235.5,Bstd:164.5,StrandBias:0.2,Multiplicity:1.02
0.302	0.280	0.197	0.222
0.135	0.571	0.140	0.154
0.097	0.123	0.167	0.613
0.158	0.115	0.147	0.580
0.189	0.543	0.115	0.153
0.165	0.537	0.161	0.137
0.577	0.131	0.161	0.131
0.243	0.301	0.192	0.265
>AAAAAAAA	8-AAAAAAAA	8.966047	-8.174585	0	T:174.0(9.71%),B:1992.7(7.39%),P:1e-3	Tpos:182.4,Tstd:129.8,Bpos:183.4,Bstd:150.8,StrandBias:0.0,Multiplicity:1.16
0.780	0.044	0.110	0.066
0.923	0.001	0.075	0.001
0.947	0.001	0.001	0.051
0.951	0.001	0.047	0.001
0.997	0.001	0.001	0.001
0.997	0.001	0.001	0.001
0.997	0.001	0.001	0.001
0.757	0.186	0.056	0.001
