>GCTGTGTCAC	1-GCTGTGTCAC	7.160210	-33.937547	0	T:266.0(14.84%),B:2391.0(8.86%),P:1e-14	Tpos:268.7,Tstd:135.9,Bpos:263.5,Bstd:170.6,StrandBias:0.1,Multiplicity:1.10
0.059	0.049	0.804	0.088
0.058	0.806	0.054	0.082
0.104	0.043	0.109	0.744
0.084	0.047	0.809	0.060
0.130	0.116	0.043	0.711
0.081	0.093	0.792	0.034
0.057	0.004	0.021	0.918
0.067	0.809	0.074	0.050
0.826	0.045	0.067	0.062
0.044	0.787	0.111	0.058
>CACGTACTCA	2-CACGTACTCA	7.585605	-33.866523	0	T:111.0(6.19%),B:692.5(2.57%),P:1e-14	Tpos:267.5,Tstd:141.9,Bpos:251.0,Bstd:187.3,StrandBias:-0.4,Multiplicity:1.01
0.001	0.796	0.082	0.121
0.725	0.001	0.146	0.128
0.014	0.912	0.073	0.001
0.001	0.077	0.921	0.001
0.001	0.001	0.109	0.889
0.837	0.085	0.001	0.077
0.078	0.694	0.039	0.189
0.114	0.001	0.001	0.884
0.238	0.715	0.046	0.001
0.637	0.191	0.136	0.036
>TATAAAGGGC	3-TATAAAGGGC	6.862130	-32.693325	0	T:229.0(12.78%),B:1982.3(7.35%),P:1e-14	Tpos:241.3,Tstd:141.8,Bpos:233.2,Bstd:161.5,StrandBias:0.5,Multiplicity:1.07
0.038	0.032	0.011	0.919
0.872	0.001	0.014	0.113
0.001	0.001	0.105	0.893
0.874	0.001	0.099	0.026
0.898	0.029	0.045	0.028
0.703	0.001	0.217	0.079
0.249	0.166	0.414	0.171
0.140	0.020	0.774	0.066
0.001	0.080	0.805	0.114
0.119	0.871	0.009	0.001
>GSGCGTGGCC	4-GSGCGTGGCC	7.917547	-28.709862	0	T:496.0(27.68%),B:5478.4(20.31%),P:1e-12	Tpos:285.8,Tstd:116.2,Bpos:288.3,Bstd:159.6,StrandBias:0.1,Multiplicity:1.25
0.001	0.014	0.969	0.016
0.116	0.423	0.460	0.001
0.001	0.013	0.985	0.001
0.008	0.780	0.001	0.211
0.332	0.001	0.666	0.001
0.001	0.006	0.070	0.923
0.067	0.001	0.931	0.001
0.001	0.001	0.997	0.001
0.239	0.759	0.001	0.001
0.001	0.986	0.012	0.001
>ACGCACGCAC	5-ACGCACGCAC	8.178205	-28.050835	0	T:142.0(7.92%),B:1089.9(4.04%),P:1e-12	Tpos:267.8,Tstd:135.0,Bpos:275.8,Bstd:185.8,StrandBias:-0.1,Multiplicity:1.09
0.811	0.039	0.036	0.114
0.036	0.748	0.215	0.001
0.001	0.088	0.855	0.056
0.001	0.986	0.012	0.001
0.976	0.001	0.001	0.022
0.122	0.817	0.060	0.001
0.053	0.039	0.870	0.038
0.055	0.794	0.007	0.144
0.640	0.057	0.221	0.082
0.240	0.637	0.111	0.012
>YGACKTVAKV	6-YGACKTVAKV	5.518868	-27.946373	0	T:220.0(12.28%),B:1977.6(7.33%),P:1e-12	Tpos:271.6,Tstd:121.2,Bpos:284.5,Bstd:160.0,StrandBias:0.0,Multiplicity:1.10
0.212	0.273	0.118	0.397
0.309	0.014	0.490	0.187
0.963	0.001	0.035	0.001
0.037	0.437	0.263	0.264
0.233	0.025	0.398	0.344
0.298	0.030	0.001	0.671
0.254	0.358	0.253	0.135
0.568	0.010	0.394	0.028
0.179	0.171	0.336	0.315
0.234	0.318	0.291	0.157
>GGAACCCCAG	7-GGAACCCCAG	9.480990	-25.161971	0	T:107.0(5.97%),B:763.0(2.83%),P:1e-10	Tpos:255.9,Tstd:144.8,Bpos:253.5,Bstd:178.1,StrandBias:-0.3,Multiplicity:1.03
0.001	0.010	0.979	0.010
0.037	0.023	0.914	0.026
0.967	0.001	0.023	0.009
0.860	0.016	0.123	0.001
0.001	0.817	0.149	0.033
0.001	0.939	0.001	0.059
0.032	0.929	0.001	0.038
0.019	0.768	0.134	0.079
0.912	0.072	0.001	0.015
0.021	0.001	0.977	0.001
>TCCGGGTATC	8-TCCGGGTATC	7.076238	-25.118115	0	T:47.0(2.62%),B:205.8(0.76%),P:1e-10	Tpos:244.2,Tstd:139.7,Bpos:299.4,Bstd:178.9,StrandBias:-0.7,Multiplicity:1.00
0.086	0.084	0.283	0.547
0.031	0.711	0.230	0.028
0.205	0.468	0.266	0.061
0.086	0.059	0.820	0.035
0.041	0.272	0.622	0.065
0.042	0.250	0.456	0.253
0.215	0.180	0.056	0.549
0.521	0.126	0.188	0.165
0.178	0.065	0.085	0.672
0.230	0.438	0.077	0.255
>CGGTAGGCGG	9-CGGTAGGCGG	7.489774	-24.962462	0	T:260.0(14.51%),B:2534.8(9.40%),P:1e-10	Tpos:298.3,Tstd:120.9,Bpos:289.3,Bstd:168.1,StrandBias:0.5,Multiplicity:1.10
0.095	0.769	0.070	0.066
0.096	0.061	0.746	0.097
0.099	0.058	0.754	0.089
0.008	0.051	0.096	0.845
0.779	0.057	0.107	0.057
0.077	0.036	0.841	0.046
0.060	0.054	0.847	0.039
0.031	0.859	0.056	0.054
0.077	0.042	0.801	0.080
0.065	0.099	0.764	0.072
>GGTTGCGTCA	10-GGTTGCGTCA	9.281756	-24.822072	0	T:40.0(2.23%),B:154.1(0.57%),P:1e-10	Tpos:270.5,Tstd:132.1,Bpos:257.6,Bstd:151.5,StrandBias:-0.2,Multiplicity:1.05
0.065	0.001	0.933	0.001
0.209	0.001	0.743	0.047
0.001	0.001	0.001	0.997
0.086	0.009	0.017	0.888
0.001	0.030	0.968	0.001
0.091	0.843	0.001	0.065
0.070	0.025	0.869	0.036
0.001	0.001	0.024	0.974
0.001	0.971	0.027	0.001
0.865	0.093	0.001	0.041
>CCTATTGGGA	11-CCTATTGGGA	9.931082	-24.393987	0	T:43.0(2.40%),B:179.8(0.67%),P:1e-10	Tpos:256.4,Tstd:120.6,Bpos:237.7,Bstd:142.0,StrandBias:0.0,Multiplicity:1.02
0.001	0.942	0.056	0.001
0.001	0.997	0.001	0.001
0.001	0.078	0.001	0.920
0.714	0.197	0.088	0.001
0.001	0.098	0.001	0.900
0.145	0.134	0.001	0.720
0.034	0.001	0.964	0.001
0.001	0.001	0.997	0.001
0.001	0.137	0.861	0.001
0.997	0.001	0.001	0.001
>SAVTGACCGA	12-SAVTGACCGA	5.900415	-23.862381	0	T:94.0(5.25%),B:648.5(2.40%),P:1e-10	Tpos:273.4,Tstd:136.1,Bpos:269.0,Bstd:181.6,StrandBias:-0.2,Multiplicity:1.03
0.112	0.361	0.469	0.057
0.476	0.204	0.012	0.308
0.270	0.315	0.414	0.001
0.001	0.222	0.208	0.569
0.042	0.135	0.527	0.296
0.420	0.219	0.149	0.212
0.051	0.634	0.259	0.056
0.154	0.436	0.184	0.226
0.095	0.125	0.631	0.149
0.520	0.214	0.097	0.169
>ACGTGGSGGG	13-ACGTGGSGGG	9.496139	-23.630465	0	T:93.0(5.19%),B:641.4(2.38%),P:1e-10	Tpos:230.0,Tstd:140.5,Bpos:266.8,Bstd:173.7,StrandBias:-0.6,Multiplicity:1.05
0.814	0.001	0.001	0.184
0.170	0.828	0.001	0.001
0.001	0.001	0.997	0.001
0.260	0.001	0.001	0.738
0.001	0.001	0.997	0.001
0.001	0.001	0.997	0.001
0.001	0.451	0.547	0.001
0.001	0.001	0.666	0.332
0.001	0.001	0.640	0.358
0.018	0.001	0.980	0.001
>AAGAGACTAS	14-AAGAGACTAS	6.236224	-23.148673	0	T:150.0(8.37%),B:1265.4(4.69%),P:1e-10	Tpos:212.8,Tstd:135.7,Bpos:218.2,Bstd:150.8,StrandBias:-0.4,Multiplicity:1.06
0.531	0.023	0.260	0.186
0.498	0.242	0.133	0.128
0.026	0.026	0.679	0.269
0.570	0.040	0.022	0.368
0.205	0.272	0.489	0.033
0.720	0.193	0.047	0.040
0.121	0.509	0.341	0.029
0.318	0.025	0.106	0.551
0.440	0.214	0.176	0.169
0.197	0.343	0.433	0.028
>GAAAAGTCCG	15-GAAAAGTCCG	7.467772	-23.009670	0	T:121.0(6.75%),B:945.0(3.50%),P:1e-9	Tpos:266.4,Tstd:148.7,Bpos:253.7,Bstd:171.2,StrandBias:-0.1,Multiplicity:1.05
0.021	0.064	0.876	0.039
0.750	0.096	0.082	0.072
0.703	0.039	0.136	0.122
0.795	0.047	0.113	0.045
0.881	0.011	0.045	0.063
0.042	0.063	0.801	0.094
0.083	0.056	0.070	0.791
0.033	0.786	0.097	0.084
0.085	0.762	0.092	0.061
0.041	0.055	0.861	0.043
>ACCGGAATSG	16-ACCGGAATSG	7.903525	-22.771646	0	T:54.0(3.01%),B:281.4(1.04%),P:1e-9	Tpos:262.9,Tstd:138.8,Bpos:302.6,Bstd:166.3,StrandBias:-0.1,Multiplicity:1.00
0.502	0.234	0.001	0.263
0.001	0.997	0.001	0.001
0.101	0.699	0.005	0.195
0.001	0.191	0.618	0.190
0.001	0.344	0.654	0.001
0.715	0.283	0.001	0.001
0.664	0.041	0.294	0.001
0.020	0.280	0.150	0.550
0.160	0.306	0.377	0.156
0.318	0.001	0.680	0.001
>CCTAGBCTGG	17-CCTAGBCTGG	7.202250	-22.531074	0	T:111.0(6.19%),B:845.1(3.13%),P:1e-9	Tpos:241.2,Tstd:136.7,Bpos:259.3,Bstd:167.1,StrandBias:-0.0,Multiplicity:1.06
0.284	0.538	0.028	0.150
0.022	0.539	0.150	0.289
0.039	0.254	0.146	0.561
0.771	0.015	0.185	0.029
0.040	0.034	0.714	0.212
0.027	0.401	0.280	0.291
0.066	0.647	0.208	0.079
0.156	0.209	0.186	0.449
0.265	0.240	0.487	0.008
0.055	0.063	0.746	0.136
>TCGTAGCTGC	18-TCGTAGCTGC	8.057974	-21.224686	0	T:50.0(2.79%),B:260.7(0.97%),P:1e-9	Tpos:262.2,Tstd:122.7,Bpos:287.0,Bstd:196.5,StrandBias:-0.1,Multiplicity:1.00
0.038	0.053	0.046	0.863
0.047	0.835	0.071	0.047
0.032	0.200	0.737	0.031
0.252	0.023	0.207	0.518
0.547	0.126	0.177	0.150
0.076	0.170	0.722	0.032
0.065	0.665	0.049	0.221
0.168	0.041	0.217	0.574
0.036	0.185	0.507	0.272
0.041	0.622	0.272	0.065
>TACGATATTC	19-TACGATATTC	9.981198	-19.602589	0	T:15.0(0.84%),B:24.0(0.09%),P:1e-8	Tpos:213.7,Tstd:134.2,Bpos:159.5,Bstd:92.0,StrandBias:0.4,Multiplicity:1.07
0.077	0.101	0.001	0.821
0.821	0.001	0.101	0.077
0.047	0.813	0.063	0.077
0.077	0.001	0.868	0.054
0.997	0.001	0.001	0.001
0.001	0.001	0.001	0.997
0.952	0.001	0.046	0.001
0.001	0.001	0.001	0.997
0.001	0.001	0.001	0.997
0.001	0.797	0.101	0.101
>AGCGAGTAAC	20-AGCGAGTAAC	9.677936	-17.591260	0	T:26.0(1.45%),B:95.8(0.36%),P:1e-7	Tpos:240.9,Tstd:130.9,Bpos:249.1,Bstd:178.3,StrandBias:1.4,Multiplicity:1.00
0.766	0.078	0.054	0.102
0.063	0.077	0.859	0.001
0.001	0.929	0.048	0.022
0.001	0.001	0.997	0.001
0.957	0.001	0.041	0.001
0.001	0.001	0.997	0.001
0.001	0.020	0.001	0.978
0.636	0.115	0.207	0.042
0.974	0.001	0.024	0.001
0.001	0.997	0.001	0.001
>GGCCGTTAGC	21-GGCCGTTAGC	12.075641	-16.071120	0	T:11.0(0.61%),B:15.0(0.06%),P:1e-6	Tpos:268.2,Tstd:156.2,Bpos:325.8,Bstd:170.3,StrandBias:0.0,Multiplicity:1.00
0.001	0.172	0.826	0.001
0.001	0.001	0.997	0.001
0.001	0.997	0.001	0.001
0.001	0.997	0.001	0.001
0.001	0.001	0.997	0.001
0.001	0.001	0.001	0.997
0.001	0.001	0.001	0.997
0.997	0.001	0.001	0.001
0.001	0.001	0.997	0.001
0.001	0.997	0.001	0.001
>GCGCTCTAAG	22-GCGCTCTAAG	10.296193	-14.823097	0	T:7.0(0.39%),B:3.2(0.01%),P:1e-6	Tpos:311.0,Tstd:116.9,Bpos:322.7,Bstd:6.4,StrandBias:-0.4,Multiplicity:1.00
0.100	0.100	0.700	0.100
0.100	0.700	0.100	0.100
0.100	0.100	0.700	0.100
0.100	0.700	0.100	0.100
0.100	0.100	0.100	0.700
0.100	0.700	0.100	0.100
0.100	0.100	0.100	0.700
0.700	0.100	0.100	0.100
0.700	0.100	0.100	0.100
0.100	0.100	0.700	0.100
>ACAAGGGGCG	23-ACAAGGGGCG	11.221337	-14.489141	0	T:22.0(1.23%),B:84.9(0.31%),P:1e-6	Tpos:299.4,Tstd:99.5,Bpos:284.7,Bstd:176.6,StrandBias:-0.4,Multiplicity:1.00
0.997	0.001	0.001	0.001
0.001	0.997	0.001	0.001
0.997	0.001	0.001	0.001
0.909	0.089	0.001	0.001
0.001	0.001	0.997	0.001
0.001	0.001	0.997	0.001
0.001	0.091	0.820	0.088
0.001	0.001	0.997	0.001
0.001	0.997	0.001	0.001
0.001	0.001	0.997	0.001
>TTCGGAAAGG	24-TTCGGAAAGG	10.296193	-12.397125	0	T:6.0(0.33%),B:3.8(0.01%),P:1e-5	Tpos:134.3,Tstd:112.1,Bpos:267.9,Bstd:93.8,StrandBias:0.0,Multiplicity:1.00
0.100	0.100	0.100	0.700
0.100	0.100	0.100	0.700
0.100	0.700	0.100	0.100
0.100	0.100	0.700	0.100
0.100	0.100	0.700	0.100
0.700	0.100	0.100	0.100
0.700	0.100	0.100	0.100
0.700	0.100	0.100	0.100
0.100	0.100	0.700	0.100
0.100	0.100	0.700	0.100
>TTTTTTTTTT	25-TTTTTTTTTT	8.826035	-6.837314	0	T:185.0(10.32%),B:2204.7(8.17%),P:1e-2	Tpos:186.9,Tstd:129.2,Bpos:185.0,Bstd:151.9,StrandBias:0.0,Multiplicity:1.16
0.249	0.026	0.235	0.491
0.001	0.129	0.107	0.763
0.147	0.001	0.056	0.796
0.001	0.001	0.001	0.997
0.001	0.001	0.001	0.997
0.001	0.090	0.047	0.862
0.009	0.047	0.001	0.943
0.001	0.208	0.001	0.790
0.001	0.065	0.079	0.855
0.001	0.236	0.248	0.515
>GTGACTCA	1-GTGACTCA	7.541844	-30.681435	0	T:209.0(11.66%),B:1791.7(6.64%),P:1e-13	Tpos:257.9,Tstd:131.7,Bpos:259.2,Bstd:158.8,StrandBias:0.4,Multiplicity:1.07
0.001	0.059	0.939	0.001
0.001	0.037	0.001	0.961
0.001	0.001	0.951	0.047
0.915	0.056	0.028	0.001
0.001	0.913	0.085	0.001
0.049	0.001	0.253	0.697
0.045	0.915	0.039	0.001
0.895	0.001	0.001	0.103
>CCTTATAA	2-CCTTATAA	5.683630	-26.503387	0	T:523.0(29.19%),B:5924.8(21.96%),P:1e-11	Tpos:222.7,Tstd:134.8,Bpos:208.2,Bstd:149.4,StrandBias:0.3,Multiplicity:1.23
0.134	0.655	0.001	0.210
0.001	0.618	0.001	0.380
0.277	0.225	0.001	0.498
0.251	0.001	0.001	0.747
0.584	0.001	0.199	0.216
0.212	0.203	0.001	0.584
0.980	0.018	0.001	0.001
0.561	0.001	0.241	0.197
>CGCCTAGT	3-CGCCTAGT	6.587483	-25.285741	0	T:344.0(19.20%),B:3587.1(13.30%),P:1e-10	Tpos:260.0,Tstd:134.6,Bpos:261.5,Bstd:170.6,StrandBias:0.0,Multiplicity:1.12
0.137	0.804	0.001	0.058
0.001	0.029	0.910	0.060
0.085	0.913	0.001	0.001
0.001	0.976	0.001	0.022
0.001	0.086	0.001	0.912
0.797	0.154	0.001	0.048
0.001	0.120	0.815	0.064
0.001	0.098	0.001	0.900
>CTACGTGC	4-CTACGTGC	6.767391	-24.052753	0	T:238.0(13.28%),B:2287.6(8.48%),P:1e-10	Tpos:283.0,Tstd:137.9,Bpos:262.5,Bstd:189.5,StrandBias:0.1,Multiplicity:1.14
0.029	0.561	0.298	0.112
0.009	0.001	0.245	0.745
0.777	0.005	0.212	0.006
0.001	0.818	0.093	0.088
0.123	0.001	0.871	0.005
0.087	0.001	0.001	0.911
0.208	0.001	0.563	0.228
0.137	0.771	0.001	0.091
>GACTGCGT	5-GACTGCGT	5.075906	-22.033913	0	T:821.0(45.81%),B:10345.9(38.35%),P:1e-9	Tpos:260.6,Tstd:139.2,Bpos:257.6,Bstd:178.8,StrandBias:0.0,Multiplicity:1.35
0.077	0.085	0.784	0.054
0.682	0.071	0.113	0.134
0.073	0.753	0.070	0.104
0.102	0.065	0.061	0.772
0.125	0.099	0.664	0.112
0.102	0.716	0.111	0.071
0.042	0.079	0.845	0.034
0.034	0.061	0.116	0.789
>TCGTCAGC	6-TCGTCAGC	6.994128	-21.548277	0	T:355.0(19.81%),B:3854.9(14.29%),P:1e-9	Tpos:291.1,Tstd:143.6,Bpos:277.0,Bstd:183.2,StrandBias:0.1,Multiplicity:1.18
0.181	0.001	0.117	0.701
0.001	0.997	0.001	0.001
0.001	0.110	0.888	0.001
0.001	0.133	0.094	0.772
0.001	0.921	0.077	0.001
0.861	0.031	0.001	0.107
0.045	0.049	0.905	0.001
0.001	0.973	0.001	0.025
>NCTTCCAN	7-NCTTCCAN	5.188200	-14.915466	0	T:123.0(6.86%),B:1129.5(4.19%),P:1e-6	Tpos:242.0,Tstd:147.4,Bpos:235.5,Bstd:164.5,StrandBias:0.2,Multiplicity:1.02
0.302	0.280	0.197	0.222
0.135	0.571	0.140	0.154
0.097	0.123	0.167	0.613
0.158	0.115	0.147	0.580
0.189	0.543	0.115	0.153
0.165	0.537	0.161	0.137
0.577	0.131	0.161	0.131
0.243	0.301	0.192	0.265
>AAAAAAAA	8-AAAAAAAA	8.966047	-8.174585	0	T:174.0(9.71%),B:1992.7(7.39%),P:1e-3	Tpos:182.4,Tstd:129.8,Bpos:183.4,Bstd:150.8,StrandBias:0.0,Multiplicity:1.16
0.780	0.044	0.110	0.066
0.923	0.001	0.075	0.001
0.947	0.001	0.001	0.051
0.951	0.001	0.047	0.001
0.997	0.001	0.001	0.001
0.997	0.001	0.001	0.001
0.997	0.001	0.001	0.001
0.757	0.186	0.056	0.001
