>GCACGTAC	1-GCACGTAC	5.948083	-33.156478	0	T:191.0(18.24%),B:4465.5(10.14%),P:1e-14	Tpos:279.9,Tstd:139.9,Bpos:267.3,Bstd:171.7,StrandBias:-0.1,Multiplicity:1.18
0.217	0.077	0.572	0.134
0.120	0.746	0.051	0.083
0.683	0.048	0.077	0.192
0.001	0.748	0.059	0.192
0.118	0.054	0.827	0.001
0.043	0.107	0.001	0.849
0.672	0.158	0.057	0.113
0.060	0.504	0.346	0.090
>CGGGCAGA	2-CGGGCAGA	8.630135	-18.258167	0	T:169.0(16.14%),B:4576.1(10.39%),P:1e-7	Tpos:258.3,Tstd:146.3,Bpos:268.4,Bstd:186.2,StrandBias:0.4,Multiplicity:1.10
0.001	0.997	0.001	0.001
0.001	0.001	0.997	0.001
0.001	0.001	0.997	0.001
0.130	0.001	0.868	0.001
0.001	0.997	0.001	0.001
0.997	0.001	0.001	0.001
0.001	0.001	0.997	0.001
0.669	0.001	0.329	0.001
>ATAGGAGC	3-ATAGGAGC	6.945536	-17.926933	0	T:152.0(14.52%),B:4015.3(9.12%),P:1e-7	Tpos:254.7,Tstd:136.7,Bpos:250.6,Bstd:152.7,StrandBias:0.3,Multiplicity:1.07
0.798	0.165	0.001	0.036
0.001	0.074	0.001	0.924
0.777	0.146	0.001	0.076
0.053	0.075	0.849	0.023
0.059	0.026	0.914	0.001
0.895	0.044	0.046	0.015
0.001	0.001	0.953	0.045
0.070	0.885	0.044	0.001
>TTATAAAC	4-TTATAAAC	6.804071	-16.365333	0	T:114.0(10.89%),B:2840.6(6.45%),P:1e-7	Tpos:203.0,Tstd:132.1,Bpos:205.9,Bstd:131.3,StrandBias:0.0,Multiplicity:1.20
0.034	0.086	0.001	0.879
0.034	0.022	0.001	0.943
0.625	0.056	0.086	0.233
0.128	0.001	0.001	0.870
0.919	0.079	0.001	0.001
0.922	0.029	0.048	0.001
0.965	0.001	0.033	0.001
0.001	0.965	0.033	0.001
>CRCGTGAM	5-CRCGTGAM	5.604484	-15.976173	0	T:193.0(18.43%),B:5592.4(12.70%),P:1e-6	Tpos:286.5,Tstd:131.4,Bpos:286.3,Bstd:164.0,StrandBias:-0.1,Multiplicity:1.16
0.200	0.450	0.175	0.176
0.361	0.178	0.428	0.034
0.191	0.786	0.022	0.001
0.125	0.200	0.580	0.095
0.212	0.001	0.001	0.786
0.009	0.101	0.570	0.320
0.526	0.341	0.132	0.001
0.309	0.437	0.001	0.253
>TGAATGAA	6-TGAATGAA	8.137853	-14.242568	0	T:75.0(7.16%),B:1705.8(3.87%),P:1e-6	Tpos:209.0,Tstd:136.3,Bpos:212.5,Bstd:137.9,StrandBias:1.2,Multiplicity:1.17
0.132	0.001	0.001	0.866
0.001	0.001	0.997	0.001
0.997	0.001	0.001	0.001
0.869	0.080	0.001	0.050
0.001	0.001	0.001	0.997
0.001	0.001	0.997	0.001
0.997	0.001	0.001	0.001
0.765	0.001	0.233	0.001
>TCTGTATA	7-TCTGTATA	5.769119	-13.992297	0	T:171.0(16.33%),B:4967.7(11.28%),P:1e-6	Tpos:205.6,Tstd:146.8,Bpos:216.2,Bstd:139.1,StrandBias:-0.3,Multiplicity:1.14
0.106	0.036	0.081	0.777
0.031	0.764	0.050	0.155
0.033	0.181	0.083	0.703
0.076	0.107	0.661	0.156
0.021	0.035	0.014	0.930
0.749	0.115	0.001	0.135
0.147	0.045	0.202	0.606
0.820	0.073	0.028	0.079
>ACACACAA	8-ACACACAA	4.941319	-13.286421	0	T:425.0(40.59%),B:14790.8(33.58%),P:1e-5	Tpos:224.4,Tstd:143.4,Bpos:227.7,Bstd:147.2,StrandBias:-0.3,Multiplicity:1.49
0.832	0.046	0.046	0.076
0.105	0.670	0.073	0.152
0.795	0.037	0.070	0.098
0.135	0.756	0.073	0.036
0.788	0.062	0.034	0.116
0.085	0.767	0.087	0.061
0.763	0.038	0.113	0.086
0.634	0.213	0.053	0.100
>RGGGCGGN	9-RGGGCGGN	5.319887	-7.584294	0	T:417.0(39.83%),B:15343.4(34.84%),P:1e-3	Tpos:287.9,Tstd:120.3,Bpos:288.1,Bstd:161.1,StrandBias:0.3,Multiplicity:1.50
0.231	0.203	0.370	0.197
0.158	0.113	0.588	0.141
0.158	0.163	0.554	0.125
0.168	0.115	0.575	0.142
0.185	0.494	0.176	0.145
0.173	0.103	0.553	0.171
0.174	0.113	0.582	0.131
0.233	0.226	0.283	0.258
