>GCTTTTAAAC	1-GCTTTTAAAC,BestGuess:TATA-Box(TBP)/Promoter/Homer(0.732)	8.584236	-34.419283	0	T:51.0(4.87%),B:536.8(1.22%),P:1e-14
0.093	0.001	0.887	0.019
0.112	0.778	0.032	0.078
0.001	0.069	0.001	0.929
0.001	0.001	0.001	0.997
0.112	0.051	0.031	0.806
0.106	0.001	0.025	0.868
0.939	0.001	0.037	0.023
0.926	0.001	0.001	0.072
0.927	0.001	0.035	0.037
0.001	0.971	0.027	0.001
>GCACGTAC	1-GCACGTAC,BestGuess:EPAS1/MA2325.1/Jaspar(0.955)	5.948083	-33.156478	0	T:191.0(18.24%),B:4465.5(10.14%),P:1e-14
0.217	0.077	0.572	0.134
0.120	0.746	0.051	0.083
0.683	0.048	0.077	0.192
0.001	0.748	0.059	0.192
0.118	0.054	0.827	0.001
0.043	0.107	0.001	0.849
0.672	0.158	0.057	0.113
0.060	0.504	0.346	0.090
>GAGKGGGGGY	3-GAGKGGGGGY,BestGuess:SP8/MA0747.2/Jaspar(0.623)	6.783588	-26.316024	0	T:212.0(20.25%),B:5536.4(12.57%),P:1e-11
0.044	0.048	0.529	0.379
0.870	0.040	0.041	0.049
0.148	0.220	0.592	0.040
0.058	0.058	0.460	0.424
0.210	0.217	0.542	0.031
0.225	0.135	0.465	0.175
0.067	0.297	0.607	0.029
0.102	0.191	0.454	0.253
0.054	0.012	0.561	0.373
0.028	0.410	0.044	0.518
>ATTGGAAGGA	4-ATTGGAAGGA,BestGuess:ZNF263/MA0528.3/Jaspar(0.668)	8.149168	-26.068889	0	T:50.0(4.78%),B:655.4(1.49%),P:1e-11
0.797	0.033	0.169	0.001
0.124	0.281	0.123	0.473
0.066	0.001	0.227	0.706
0.001	0.017	0.644	0.338
0.011	0.236	0.595	0.158
0.606	0.006	0.200	0.188
0.611	0.132	0.077	0.180
0.199	0.001	0.799	0.001
0.006	0.047	0.905	0.042
0.570	0.219	0.001	0.210
>GAAGTTTCAC	6-GAAGTTTCAC,BestGuess:IRF4(IRF)/GM12878-IRF4-ChIP-Seq(GSE32465)/Homer(0.643)	7.605802	-25.238433	0	T:42.0(4.01%),B:494.7(1.12%),P:1e-10
0.018	0.038	0.739	0.205
0.679	0.011	0.144	0.166
0.741	0.114	0.009	0.136
0.138	0.015	0.644	0.203
0.021	0.135	0.178	0.666
0.215	0.006	0.153	0.626
0.010	0.039	0.016	0.935
0.123	0.567	0.152	0.158
0.648	0.114	0.138	0.100
0.020	0.723	0.095	0.162
>TTTGAATGAA	7-TTTGAATGAA,BestGuess:PB0028.1_Hbp1_1/Jaspar(0.859)	8.726694	-24.575590	0	T:43.0(4.11%),B:527.0(1.20%),P:1e-10
0.167	0.001	0.176	0.656
0.116	0.239	0.073	0.572
0.001	0.001	0.001	0.997
0.001	0.115	0.883	0.001
0.785	0.001	0.148	0.066
0.820	0.001	0.064	0.115
0.239	0.001	0.028	0.732
0.019	0.161	0.661	0.159
0.761	0.001	0.001	0.237
0.706	0.001	0.088	0.205
>AAATACGTCC	9-AAATACGTCC,BestGuess:ETV5::DRGX/MA1944.2/Jaspar(0.703)	7.774970	-23.224221	0	T:45.0(4.30%),B:597.4(1.36%),P:1e-10
0.927	0.013	0.012	0.048
0.807	0.096	0.067	0.030
0.833	0.069	0.040	0.058
0.063	0.082	0.165	0.690
0.747	0.040	0.076	0.137
0.041	0.853	0.053	0.053
0.125	0.047	0.736	0.092
0.100	0.100	0.069	0.731
0.015	0.802	0.102	0.081
0.024	0.881	0.054	0.041
>AGTCCCTTCC	10-AGTCCCTTCC,BestGuess:ZKSCAN5/MA1652.2/Jaspar(0.671)	9.016019	-22.333564	0	T:38.0(3.63%),B:458.9(1.04%),P:1e-9
0.706	0.157	0.123	0.014
0.030	0.316	0.653	0.001
0.013	0.001	0.134	0.852
0.007	0.684	0.015	0.294
0.107	0.721	0.086	0.086
0.024	0.721	0.031	0.224
0.083	0.087	0.177	0.653
0.252	0.025	0.001	0.722
0.075	0.680	0.188	0.057
0.255	0.647	0.014	0.084
>AACCCGATCA	11-AACCCGATCA,BestGuess:TFCP2/MA1968.2/Jaspar(0.729)	8.436522	-21.565581	0	T:40.0(3.82%),B:516.2(1.17%),P:1e-9
0.997	0.001	0.001	0.001
0.867	0.001	0.001	0.131
0.001	0.871	0.001	0.127
0.001	0.820	0.111	0.068
0.077	0.786	0.136	0.001
0.001	0.001	0.997	0.001
0.568	0.001	0.144	0.287
0.238	0.075	0.041	0.646
0.001	0.822	0.176	0.001
0.609	0.050	0.001	0.340
>CCAGTTTGTC	12-CCAGTTTGTC,BestGuess:Yy1/MA0095.4/Jaspar(0.724)	9.888457	-21.531648	0	T:27.0(2.58%),B:249.8(0.57%),P:1e-9
0.048	0.913	0.038	0.001
0.001	0.945	0.001	0.053
0.939	0.001	0.059	0.001
0.001	0.110	0.863	0.026
0.060	0.001	0.025	0.914
0.001	0.138	0.048	0.813
0.001	0.001	0.072	0.926
0.001	0.085	0.913	0.001
0.053	0.001	0.001	0.945
0.048	0.861	0.057	0.034
>GACGGTCACA	13-GACGGTCACA,BestGuess:NR2F2/MA1111.2/Jaspar(0.657)	9.459901	-21.266426	0	T:26.0(2.48%),B:234.6(0.53%),P:1e-9
0.108	0.001	0.814	0.077
0.901	0.031	0.016	0.052
0.001	0.958	0.001	0.040
0.001	0.001	0.997	0.001
0.001	0.078	0.920	0.001
0.030	0.044	0.027	0.899
0.066	0.856	0.001	0.077
0.893	0.035	0.001	0.071
0.001	0.997	0.001	0.001
0.923	0.001	0.015	0.061
>GGGGCGGGCA	14-GGGGCGGGCA,BestGuess:SP2/MA0516.3/Jaspar(0.879)	8.901144	-21.172386	0	T:274.0(26.17%),B:8110.6(18.42%),P:1e-9
0.016	0.001	0.982	0.001
0.020	0.001	0.954	0.025
0.001	0.013	0.975	0.011
0.050	0.050	0.855	0.045
0.017	0.975	0.007	0.001
0.068	0.001	0.877	0.054
0.026	0.101	0.872	0.001
0.001	0.031	0.967	0.001
0.024	0.911	0.061	0.004
0.651	0.176	0.082	0.091
>GAGTCACGCG	15-GAGTCACGCG,BestGuess:PAX5/MA0014.4/Jaspar(0.788)	7.129722	-20.773769	0	T:155.0(14.80%),B:3940.9(8.95%),P:1e-9
0.130	0.062	0.746	0.062
0.806	0.045	0.101	0.048
0.065	0.077	0.825	0.033
0.057	0.096	0.090	0.757
0.073	0.804	0.097	0.026
0.847	0.064	0.039	0.050
0.080	0.794	0.062	0.064
0.070	0.104	0.781	0.045
0.046	0.861	0.036	0.057
0.065	0.067	0.788	0.080
>ATATAGACCA	16-ATATAGACCA,BestGuess:ZNF211/MA1974.2/Jaspar(0.785)	6.771534	-20.174582	0	T:88.0(8.40%),B:1840.4(4.18%),P:1e-8
0.560	0.001	0.072	0.367
0.142	0.024	0.024	0.810
0.585	0.219	0.091	0.105
0.073	0.001	0.001	0.925
0.806	0.132	0.039	0.023
0.185	0.118	0.593	0.104
0.758	0.067	0.008	0.167
0.088	0.709	0.202	0.001
0.021	0.882	0.032	0.065
0.846	0.061	0.081	0.012
>GACAACGTTG	17-GACAACGTTG,BestGuess:PB0131.1_Gmeb1_2/Jaspar(0.726)	9.961599	-19.780677	0	T:12.0(1.15%),B:41.6(0.09%),P:1e-8
0.092	0.001	0.906	0.001
0.728	0.045	0.033	0.194
0.050	0.914	0.035	0.001
0.906	0.092	0.001	0.001
0.918	0.001	0.080	0.001
0.001	0.997	0.001	0.001
0.001	0.001	0.961	0.037
0.001	0.031	0.001	0.967
0.092	0.001	0.029	0.878
0.001	0.092	0.906	0.001
>AATTTGGGGG	18-AATTTGGGGG,BestGuess:PB0092.1_Zbtb7b_1/Jaspar(0.801)	9.172549	-19.386774	0	T:47.0(4.49%),B:730.8(1.66%),P:1e-8
0.801	0.024	0.069	0.106
0.855	0.011	0.133	0.001
0.072	0.037	0.001	0.890
0.054	0.038	0.023	0.885
0.047	0.030	0.085	0.838
0.001	0.001	0.997	0.001
0.036	0.001	0.962	0.001
0.001	0.026	0.972	0.001
0.001	0.001	0.997	0.001
0.090	0.038	0.841	0.031
>TCYTAYCYAM	19-TCYTAYCYAM,BestGuess:ZNF263/MA0528.3/Jaspar(0.589)	6.169755	-18.971895	0	T:58.0(5.54%),B:1028.8(2.34%),P:1e-8
0.013	0.187	0.321	0.478
0.020	0.595	0.371	0.014
0.223	0.445	0.012	0.320
0.326	0.014	0.183	0.478
0.400	0.244	0.114	0.241
0.013	0.514	0.105	0.368
0.012	0.654	0.011	0.323
0.214	0.460	0.011	0.316
0.618	0.346	0.015	0.021
0.287	0.430	0.270	0.013
>CTTKYDACTC	20-CTTKYDACTC,BestGuess:Vdr/MA0693.4/Jaspar(0.592)	6.454224	-18.350024	0	T:38.0(3.63%),B:535.7(1.22%),P:1e-7
0.120	0.470	0.235	0.175
0.037	0.193	0.209	0.561
0.003	0.211	0.167	0.619
0.181	0.203	0.238	0.378
0.168	0.397	0.170	0.265
0.408	0.015	0.300	0.277
0.682	0.002	0.306	0.010
0.045	0.540	0.161	0.254
0.038	0.032	0.258	0.672
0.027	0.672	0.004	0.297
>ATAGGAGC	3-ATAGGAGC,BestGuess:POL013.1_MED-1/Jaspar(0.747)	6.945536	-17.926933	0	T:152.0(14.52%),B:4015.3(9.12%),P:1e-7
0.798	0.165	0.001	0.036
0.001	0.074	0.001	0.924
0.777	0.146	0.001	0.076
0.053	0.075	0.849	0.023
0.059	0.026	0.914	0.001
0.895	0.044	0.046	0.015
0.001	0.001	0.953	0.045
0.070	0.885	0.044	0.001
>GTGTCTGCTT	21-GTGTCTGCTT,BestGuess:Smad4(MAD)/ESC-SMAD4-ChIP-Seq(GSE29422)/Homer(0.719)	8.828333	-17.264127	0	T:45.0(4.30%),B:734.0(1.67%),P:1e-7
0.001	0.023	0.942	0.034
0.001	0.032	0.107	0.860
0.057	0.031	0.911	0.001
0.001	0.036	0.105	0.858
0.089	0.909	0.001	0.001
0.001	0.015	0.001	0.983
0.001	0.021	0.947	0.031
0.036	0.909	0.019	0.036
0.001	0.043	0.001	0.955
0.039	0.016	0.028	0.917
>AGGAACGWCC	22-AGGAACGWCC,BestGuess:REL/MA0101.1/Jaspar(0.632)	9.863617	-16.214128	0	T:19.0(1.81%),B:168.9(0.38%),P:1e-7
0.756	0.242	0.001	0.001
0.001	0.085	0.913	0.001
0.127	0.001	0.871	0.001
0.643	0.239	0.117	0.001
0.699	0.001	0.109	0.191
0.001	0.997	0.001	0.001
0.001	0.001	0.997	0.001
0.557	0.001	0.001	0.441
0.001	0.997	0.001	0.001
0.210	0.788	0.001	0.001
>MGTTGSTAGT	23-MGTTGSTAGT,BestGuess:Rfx6/MA1724.2/Jaspar(0.748)	9.741215	-13.997392	0	T:11.0(1.05%),B:61.6(0.14%),P:1e-6
0.371	0.483	0.001	0.145
0.001	0.001	0.940	0.058
0.001	0.157	0.001	0.841
0.001	0.077	0.001	0.921
0.001	0.137	0.807	0.055
0.001	0.364	0.502	0.133
0.001	0.001	0.001	0.997
0.997	0.001	0.001	0.001
0.001	0.001	0.997	0.001
0.076	0.122	0.001	0.801
>TCTGTATA	7-TCTGTATA,BestGuess:PB0016.1_Foxj1_1/Jaspar(0.683)	5.769119	-13.992297	0	T:171.0(16.33%),B:4967.7(11.28%),P:1e-6
0.106	0.036	0.081	0.777
0.031	0.764	0.050	0.155
0.033	0.181	0.083	0.703
0.076	0.107	0.661	0.156
0.021	0.035	0.014	0.930
0.749	0.115	0.001	0.135
0.147	0.045	0.202	0.606
0.820	0.073	0.028	0.079
>ACACACAA	8-ACACACAA,BestGuess:PB0208.1_Zscan4_2/Jaspar(0.734)	4.941319	-13.286421	0	T:425.0(40.59%),B:14790.8(33.58%),P:1e-5
0.832	0.046	0.046	0.076
0.105	0.670	0.073	0.152
0.795	0.037	0.070	0.098
0.135	0.756	0.073	0.036
0.788	0.062	0.034	0.116
0.085	0.767	0.087	0.061
0.763	0.038	0.113	0.086
0.634	0.213	0.053	0.100
>CTATTGGCCA	24-CTATTGGCCA,BestGuess:NFYB/MA0502.3/Jaspar(0.790)	7.193990	-13.120524	0	T:96.0(9.17%),B:2439.1(5.54%),P:1e-5
0.070	0.774	0.041	0.115
0.079	0.096	0.081	0.744
0.786	0.058	0.071	0.085
0.035	0.047	0.059	0.859
0.069	0.069	0.061	0.801
0.038	0.067	0.848	0.047
0.044	0.092	0.822	0.042
0.138	0.671	0.096	0.095
0.043	0.883	0.016	0.058
0.822	0.092	0.048	0.038
>GAGCCGCGCC	25-GAGCCGCGCC,BestGuess:ZNF610/MA1713.2/Jaspar(0.750)	10.084046	-11.263598	0	T:65.0(6.21%),B:1540.1(3.50%),P:1e-4
0.001	0.173	0.825	0.001
0.997	0.001	0.001	0.001
0.001	0.001	0.997	0.001
0.037	0.961	0.001	0.001
0.121	0.877	0.001	0.001
0.001	0.001	0.997	0.001
0.001	0.997	0.001	0.001
0.049	0.001	0.869	0.081
0.001	0.997	0.001	0.001
0.001	0.997	0.001	0.001
